[INFO]: Starting the segment extraction process
Attaching package: ‘dplyr’

The following objects are masked from ‘package:stats’:

    filter, lag

The following objects are masked from ‘package:base’:

    intersect, setdiff, setequal, union

Loading required package: NLP
Loading required package: iterators
Loading required package: parallel
Loading required package: methods

Attaching package: ‘igraph’

The following objects are masked from ‘package:dplyr’:

    as_data_frame, groups, union

The following objects are masked from ‘package:stats’:

    decompose, spectrum

The following object is masked from ‘package:base’:

    union

[INFO]: Finished processing the segments for each transcript 
[INFO]: Getting the segment contents 
[INFO]: Calculating similarity scores 
$membership
    [1] 118 118 118 118 118 118 118 118 118 118 118 118 118 118 118 118 118 118
   [19] 118 118 118 118 118 118 118 118 118 118 118 118 118 118 118 118 118 118
   [37] 118 118 118 118 118 118 118 118 118 118 118 118 118 118 118 118 118 118
   [55] 118 118 118 118 118 118 118 118 118 118 118 118 118 118 118 118 118 118
   [73] 118 118 118 118 118 118 118 118 118 118 118 118 118 118 118 118 118 118
   [91] 118 118 118 118 118 118 118 118 118 118 118 118 118 118 118 118 118 118
  [109] 118 118 118 118 118 118 118 118 118 118 118 118 118 118 118 118 118 118
  [127] 118 118 118 118 118 118 118 118 118 118 118 118 118 118 118 118 118 118
  [145] 118 118 118 118 118 118 118 118 118 118 118 118 118 118 118 118 118 118
  [163] 118 118 118 118 118 118 118 118 118 118 118 118 118 118 118 118 118 118
  [181] 118 118 118 118 118 118 118 118 118 118 118 118 118 118 118 118 118 118
  [199] 118 118 118 118 118 118 118 118 118 118 118 118 118 118 118 118 118 118
  [217] 118 118 118 118 118 118 118 118 118 118 118 118 118 118 118 118 118 118
  [235] 118 118 118 118 118 118 118 118 118 118 118 118 118 118 118 118 117 118
  [253] 118 118 118 116 118 118 118 118 118 118 118 118 118 118 118 118 118 118
  [271] 118 118 118 118 118 118 118 118 118 118 118 118 118 118 118 118 118 118
  [289] 118 118 118 118 118 118 118 118 118 118 118 118 118 118 118 118 118 118
  [307] 118 118 118 118 118 118 118 118 118 118 118 118 118 118 118 118 118 118
  [325] 118 118 118 118 118 118 118 118 118 118 118 118 118 118 118 118 118 118
  [343] 118 118 118 118 118 118 118 118 118 118 118 118 118 118 118 118 118 118
  [361] 118 118 118 115 118 118 118 118 118 118 118 118 118 118 118 118 118 118
  [379] 118 118 118 118 118 118 118 118 118 118 118 118 118 118 118 118 118 118
  [397] 114 118 118 118 118 118 118 118 118 118 118 118 118 118 118 118 118 118
  [415] 118 118 118 118 118 118 118 118 118 118 118 118 118 118 118 118 118 118
  [433] 118 118 118 118 118 118 118 118 118 118 118 118 118 118 118 118 118 118
  [451] 118 118 118 118 118 118 118 118 118 118 118 118 118 118 118 118 118 118
  [469] 118 118 118 118 118 118 118 118 118 118 118 118 118 118 118 118 113 118
  [487] 118 118 118 118 118 118 118 118 118 118 118 118 118 118 118 118 118 118
  [505] 118 118 118 118 118 118 118 118 118 118 118 118 118 118 118 118 118 118
  [523] 118 118 118 118 118 118 118 112 118 118 118 118 118 118 118 118 118 118
  [541] 118 118 118 118 118 118 118 118 118 118 118 118 118 118 118 118 118 118
  [559] 118 118 118 118 118 118 118 118 118 118 118 118 118 118 118 118 118 118
  [577] 118 118 118 118 118 118 118 118 118 118 118 118 118 118 118 118 118 118
  [595] 118 118 111 118 118 118 118 118 118 118 118 118 118 118 118 118 118 118
  [613] 118 118 118 118 118 118 118 118 118 118 118 118 118 118 118 118 118 118
  [631] 118 118 118 118 118 118 118 118 118 118 118 118 118 118 118 118 118 118
  [649] 118 118 118 118 118 118 118 118 118 118 118 118 118 118 118 118 118 118
  [667] 118 118 118 118 118 118 118 118 118 118 118 118 118 118 118 118 118 118
  [685] 118 118 118 118 118 118 118 118 118 118 118 118 118 118 118 118 118 118
  [703] 118 118 118 118 118 118 118 118 118 118 118 118 118 118 118 118 118 118
  [721] 118 118 118 118 118 118 118 118 118 118 118 118 118 118 118 118 110 118
  [739] 118 118 118 118 118 118 118 118 118 118 118 118 118 118 118 118 118 118
  [757] 118 118 118 118 118 118 118 118 118 118 118 118 118 118 118 118 118 118
  [775] 118 118 118 118 118 118 118 118 118 118 118 118 118 118 118 118 118 118
  [793] 118 118 118 118 118 118 118 118 118 118 118 118 118 118 118 118 118 118
  [811] 118 118 118 118 118 118 118 118 118 118 118 118 118 118 118 118 118 118
  [829] 118 118 118 118 118 118 118 118 118 118 118 118 118 118 118 118 118 118
  [847] 118 118 118 118 118 118 103 100 118 118 118 118 118 118 118 118 118 118
  [865] 118 118 118 118 118 118 118 118 118 118 118 118 118 118 118 118 118 118
  [883] 118 118 118 118 118 118 118 118 118 118 118 118 118 118 118 118 118 118
  [901] 118 118 118 118 118 118 118 118 118 118 118 118 118 118 118 118 118 118
  [919] 118 118 118 118 118 118 118 118 118 118 118 118 118 118 118 118 118 118
  [937] 118 118 118 118 118 118 118 118 118 118 118 118 118 118 118 118 118 118
  [955] 118 118 118 118 118 118 118 118 118 118 118 118 118 118 118 118 118 118
  [973] 118 118 118 118 118 118 118 118 118 118 118 118 118  97 118 118 118 118
  [991] 118 118 118 118 118 118 118 118 118 118 118 118 118 118 118 118 118 118
 [1009] 118 118 118 118 118 118 118 118 118 118 118 118 118 118 118 118 118 118
 [1027] 118 118 118 118 118 118 118 118 118 118 118 118 118 118 118 118 118 118
 [1045] 118 118 118 118 118 118 118 118 118 118 118 118 118 118 118 118 118 118
 [1063] 118 118 118 118 118 118 118 118 118 118 118 118 118 118 118 118 118 118
 [1081] 118 118 118 118 118 118 118 118 118 118 118 118 118 118 118 118 118 118
 [1099] 118 118 118 118 118 118 118  96 118 118 118 118 118 118 118 118 118 118
 [1117] 118 118 118 118 118 118 118 118 118 118 118 118 118 118 118 118 118 118
 [1135] 118 118 118 118 118 118 118 118 118 118 118 118 118 118 118 118 118 118
 [1153] 118 118 118 118 118 118 118 118 118 118 118 118 118 118 118 118 118 118
 [1171] 118 118 118 118 118 118 118 118 118 118  93 118 118 118 118 118 118 118
 [1189] 118 118 118 118 118 118 118 118 118 118 118 118 118 118 118 118 118 118
 [1207] 118 118  99 118 118 118 118 118 118 118 118 118 118 118 118  92 118 118
 [1225] 118 118 118 118 118 118 118 118 118 118 118 118 118  89  88 118 118 118
 [1243] 118 118 118 118 118 118 118 118 118 118 118 118 118 118 118 118 118 118
 [1261] 118 118 118 118 118 118 118 118 118 118 118 118 118 118 118 118 118 118
 [1279] 118 118 118 118 118 118 118 118 118 118 118 118 118 118 118 118 118 118
 [1297] 118 118 118 118 118 118 118 118 118 118 118 118 118 118 118 118 118 118
 [1315] 118 118 118 118 118 118 118 118  85 118 118 118 118 118 118 118 118 118
 [1333] 118 118 118 118 118 118 118 118 118 118 118 118 118 118 118 118 118 118
 [1351] 118 118 118 118 118 118 118 118 118 118 118 118 118 118 118 118 118 118
 [1369] 118 118 118 118 118 118 118 118 118 118 118 118 118  84 118 118 118 118
 [1387] 118 118 118 118 118 118 118 118 118 118 118 118 118 118 118 118 118 118
 [1405] 118 118 118 118 118 118 118 118 118 118 118 118 118 118 118 118 118 118
 [1423] 118 118 118 118 118 118 118 118 118 118 118 118 118 118 118 118 118 118
 [1441] 118 118 118 118 118 118 118 118 118 118 118 118 118 118 118 118 118 118
 [1459] 118 118 118 118 118 118 118 118 118 118  83 118 118 118 118 118 118 118
 [1477] 118 118 118 118 118 118 118 118 118 118 118 118 118 118 118 118 118 118
 [1495] 118 118 118 118 118 118 118 118 118 118 118 118 118 118 118 118 118 118
 [1513] 118 118 118 118 118 118 118 118 118 118 118 118 118 118 118 118 118 118
 [1531] 118 118 118 118 118 118 118 118 118 118 118 118 118 118 118 118 118 118
 [1549] 118 118 118 118 118 118 118 118 107  82 118 118 118 118 118 118 118 118
 [1567] 118 118 118 118 118 118 118 118 118 118 118 118 118 118 118 118 118 118
 [1585] 118 118 118 118 118 118 118 118 118 118 118 118 118 118 118 118 118 118
 [1603] 118 118 118 118 118 118 118 118 118 118 118 118 118 118 118 118 118 118
 [1621] 118 118 118 118 118 118 118 118 118 118 118 118 118 118 118 118 118 118
 [1639] 118 118 118 118 118 118 118 118 118 118 118 118  79 118 118 118 118 118
 [1657] 118 118 118 118 118 118 118 118 118 118 118 118 118 118 118 118 118 118
 [1675] 118 118 118 118 118 118 118 118 118 118 118 118 118 118 118 118 118 118
 [1693] 118 118 118 118 118 118 118 118 118 118 118 118 118 118 118 118 118 118
 [1711] 118 118 118 118 118 118 118 118 118 118 118 118 118 118 118 118 118 118
 [1729] 118 118 118 118 118 118 118 118 118 118 118 118 118 118 118 118 118 118
 [1747] 118 118 118 118 118 118 118 118 118 118 118 118 118 118 118 118 118 118
 [1765] 118 118 118 118 118 118 118 118 118 118 118 118 118 118 118 118 118 118
 [1783] 118 118 118 118 118 118 118 118 118 118 118 118 118 118 118 118 118 118
 [1801] 118 118 118 118 118 118 118 118 118 118 118 118 118 118 118 118 118 118
 [1819] 118 118 118 118 118 118 118 118 118 118 118 118 118 118 118 118 118 118
 [1837] 118 118 118 118 118 118 118 118 118 118 118 118 118 118 118 118 118 118
 [1855] 118 118 118 118 118 118 118 118 118 118 118 118 118 118 118 118 118 118
 [1873] 118 118 118 118 118 118 118 118 118 118 118 118 118 118 118 118 118 118
 [1891] 118 118 118 118 118 118 118 118 118 118 118 118 118 118 118 118 118 118
 [1909] 118 118 118 118 118 118 118 118 118 118 118 118 118 118 118 118 118 118
 [1927] 118 118 118 118 118 118 118 118 118 118 118 118 118 118 118 118 118 118
 [1945] 118 118 118 118 118 118 118 118 118 118 118 118  78 118 118 118 118 118
 [1963] 118 118 118 118 118 118 118 118 118 118 118 118 118 118 118 118 118 118
 [1981] 118 118 118 118 118 118 118 118 118 118 118 118 118 118 118 118 118 118
 [1999] 118 118 118 118 118 118 118 118 118 118 118 118 118 118 118 118 118  76
 [2017]  73 118 118 118 118  72 118 118 118 118 118 118 118 118 118 118 118 118
 [2035] 118 118 118 118 118 118 118 118 118 118 118 118 118 118 118 118 118 118
 [2053] 118 118 118 118 118 118 118 118 118 118 118 108 118 118 118 118 118 118
 [2071] 118 118 118 118 118 118 118 118 118 118 118 118 118 118 118 118 118 118
 [2089] 118 118 118 118 118 118 118  69 118 118 118 118 118 118 118 118 118 118
 [2107] 118 118 118 118 118 118 118 118 118 118 118 118 118 118 118 118 118 118
 [2125] 118 118 118 118 118 118 118 118 118 118 118 118 118 118 118 118 118 118
 [2143] 118 118 118 118 118 118 118 118 118 118 118 118 118 118 118 118 118 118
 [2161] 118 118 118 118 118 118 118 118 118 118 118 118 118 118 118 118 118 118
 [2179] 118 118 118 118 118 118 118 118 118 118 118 118 118 118 118 118 118 118
 [2197] 118 118 118 118 118 118 118 118 118 118 118 118 118 118 118 118 118 118
 [2215] 118 118 118 118 118 118 118 118 118 118 118 118 118 118 118 118 118 118
 [2233] 118 118 118 118 118 118 118 118 118 118 118 118 118 118 118 118 104 118
 [2251] 118 118 118 118 118 118 118 118 118 118 118 118 118 118 118 118 118 118
 [2269] 118 118 118 118 118 118 118 118 118 118 118 118 118 118 118 118 118 118
 [2287] 118 118 118 118 118 118 118 118 118 118 118 118 118 118 118 118 118 118
 [2305] 118 118 118 118 118 118 118 118 118 118 118 118 118 118 118 118 118 118
 [2323] 118 118 118 118 118 118 118 118 118 118 118 118 118 118 118 118 118 118
 [2341] 118 118 118 118 118 118 118 118 118 118 118 118 118 118 118 118 118 118
 [2359] 118 118 118 118 118 118 118 118 118 118 118 118 118 118 118 118 118  80
 [2377] 118 118 118  80 118 118 118 118 118 118 118 118 118  68 118 118 118 118
 [2395] 118 118  66 118 118 118 118 118 118 118 118 118 118 118 118 118 118 118
 [2413] 118 118 118 118 118 118 118 118 118 118 118 118 118 118 118 118 118 118
 [2431] 118 118 118 118 118 118 118 118 118 118 118 118 118 118 118 118 118 118
 [2449] 118 118 118 118 118 118 118 118 118 118 118 118 118  65 118 118 118 118
 [2467] 118 118 118 118 118 118 118 118 118 118 118 118 118 118 118 118 118 118
 [2485] 118 118 118 118 118 118 118 118 118 118 118 118 118 118 118 118 118 118
 [2503] 118 118 118 118 118 118 118  64 118 118 118 118 118 118 118 118 118 118
 [2521]  99 118 118 118 118 118 118 118 118 118 118 118 118 118 118 118 118 118
 [2539] 118 118 118 118 118 118 118 118 118 118 118 118 118 118 118 118 118 118
 [2557] 118 118 118 118 118 118 118 118 118 118 118 118 118 118 118 118 118 118
 [2575] 118 118 118 118 118 118 118 118 118 118 118 118 118 118 118 118 118 118
 [2593] 118 118 118 118 118 118 118 118 118 118 118 118 118 118 118 118 118 118
 [2611] 118 118 118 118 118 109 118 118 118 118 118 118 118 118 118 118 118 121
 [2629] 118 118 118 118 118 118 118 118 118 118 118 118 118 118 118 118 118 118
 [2647] 118 118 118 118 118 118 118 118 118 118 118 118 118 118 118 118 118 118
 [2665] 118 118 118 118 118 118 118 118 118  71 118 118 118 118 118  63 118 118
 [2683] 118  96  93 118 118 118 118 118 118 118 118 118 118 118 118 118 118 118
 [2701] 118 118 118 118 118 118 118 118 118 118 118 118 118 118 118 118 118 118
 [2719] 118 118 118 118  61  60  75  59  56  55 101  53 118 118 118 118 118 118
 [2737] 118 118 118 118 118 109 118 118 118 118 118 118 118 118 118 118 118 118
 [2755] 118 118 118 118 118 118 118 118 118 118 118 118 118 118 118 118 118 118
 [2773] 118 118 118 118  93 118 118 118 118 118 118 118 118 118  87 118 118 118
 [2791] 118 118 118  77 118 118 118 118 118 118 118 118 118 118 118 118 118 118
 [2809] 118 118 118 118 118 118 118 118 118 118 118 118 118  52 118 118 118 118
 [2827] 118 118 118 118 118 118 118 118 118 118 118 118 118 118 118 118 118 118
 [2845] 118 118 118 118 118 118 118 118 118 118 118 118 118 118 118 118 118 118
 [2863] 118 118 118 118 118 118 118 118 118 118 118 118 118 118 118 118 118 118
 [2881] 118 118 118 118 118 118 118 118 118 118 118 118 118 118 118 118 118 118
 [2899] 118 118 118 118 118 118 118 118 118 118 118 118 118 118 118 118 118 118
 [2917] 118 118 118 118 118 118 118 118 118 118  51 118 118 118 118 118 118 118
 [2935] 118 118 118 118 118 118 118 118 118 118 118 118 118 118 118 118 118 118
 [2953] 118 118 118 118 118 118 118 118 118 118 118 118 118 118 118 118 118 118
 [2971] 118 118 118 118 118  90 118 118 118 118 118 118 118 121 118 118 118 118
 [2989] 118 118 118 118 118 118 118 118 118 118 118 118 118 118 118 118 118 118
 [3007] 118 118 118 118 118 118 118 118 118 118 118 118 118 118 118 118 118 118
 [3025] 118 118 118 118 118 118 118 118 118 118 118 118 118 118 118 118 118 118
 [3043] 118 118 118 118 118 118 118 118 118 118 118 118 118 118 118 118 118 118
 [3061] 118 118 118 118 118 118 118 118 118 118 118 118 118 118 118 118 118 118
 [3079] 118 118 118 118 118 118 118 118 118 118 118 118 118 118 118 118 118 118
 [3097] 118 118 118 118 118 118 118 118 118 118 118 118 118 118 118 118 118 118
 [3115] 118 118 118 118 118 118 118 118 118 118 118 118 118 118 118 118 118 118
 [3133] 118 118 118 118 118 118 118 118 118 118 118 118 118 118 118 118 118 118
 [3151] 118 118 118 118 118 118 118 118 118 118 118 118 118 118 118 118 118 118
 [3169] 118 118 118 118 118 118 118 118 118 118 118 118 118 118 118 118 118 118
 [3187] 118 118 118 118 118 118 118 118 118 118 118 118 118 118 118 118 118 118
 [3205] 118 118 118  51 118 118 118 118 118 118 118 118 118 118 118 118 118 118
 [3223] 118 118 118 118 118 118 118 118 118 118 118 118 118 118 118 118 118 118
 [3241] 118 118 118 118 118 118 118 118 118 118 118 118 118 118 118 118 118 118
 [3259] 118 118 118 118 118 118 118 118 118 118 118 118 118 118 118 118 118 118
 [3277] 118 118 118 118 118 118 118 118 118 118 118 118 118 118 118 118 118 118
 [3295] 118 118 118 118 118 118 118 118 118 118 118 118 118 118 118 118 118 118
 [3313] 118 118 118 118 118 118 118 118 118 118 118 118 118 118 118 118 118 118
 [3331] 118 118 118 118 118 118 118 118 118 118 118 118 118 118 118 118 118 118
 [3349] 118 118 118 118 118 118 118 118 118 118 118 118 118 118 118 118 118 118
 [3367] 118 118 118 118 118 118 118 118 118 118 118  50 118 118 118 118 118 118
 [3385] 118 118 118 118 118 118 118 118 118 118 118 118 118 118 118 118 118 118
 [3403] 118 118 118 118 118 118 118 118 118 118 118 118 118 118 118 118 118 118
 [3421] 118 118 118 118 118 118 118 118 118 118 118 118 118 118 118 118 118 118
 [3439] 118 118 118 118 118 118 118 118 118 118 118 118 118 118 118 118 118 118
 [3457] 118 118 118 118 118 118 118 118 118 118 118 118 118 118 118 118 118 118
 [3475] 118 118 118 118 118 118 118 118 118 118 118 118 118 118 118 118 118 118
 [3493] 118 118 118 118 118 118 118 118 118 118 118 118 118 118 118 118 118 118
 [3511] 118 118 118 118 118 118  72 118 118 118 118 118 118 118 118 118 118 118
 [3529] 118 118 118 118 118 118 118 118 118 118 118 118 118 118 118 118 118 118
 [3547] 118 118 118 118 118 118 118 118 118 118 118 118 118 118 118 118 118 118
 [3565] 118 118 118 118 118 118 118 118 118 118 118 118 118 118 118 118 118 118
 [3583] 118 118 118 118 118 118 118 118 118 118 118 118 118 118 118 118 118 118
 [3601] 118 118 118 118 118 118 118 118 118 118 118 118 118 118 118 118 118 118
 [3619] 118 118 118 118 118 118 118 118 118 118 118 118 118 118 118 118 118 118
 [3637] 118 118 118 118 118 118 118 118 118 118 118 118 118 118 118 118 118 118
 [3655] 118 118 118 118 118 118 118 118 118 118 118 118 118 118 118 118 118 118
 [3673] 118 118 118 118 118 118 118 118 118 118 118 118 118 118 118 118 118 118
 [3691] 118 118 118 118 118 118 118 118 118 118 118 118 118 118 118 118 118 118
 [3709] 118 118 118 118 118 118 118 118 118 118 118 118 118 118 118 118 118 118
 [3727] 118 118 118 118 118 118 118 118 118 118 118 118 118 118 118 118 118 118
 [3745] 118 118 118 118 118 118 118 118 118 118 118 118 118 118 118 118 118 118
 [3763]  49 118 118 118 118 118 118 118 118 118 118 118 118 118 118 118 118 118
 [3781] 118 118 118 118 118 118 118 118 118 118  48 118 118 118 118 118 118 118
 [3799] 118 118 118 118 118 118 118 118 118 118 118 118 118 118 118 118 118 118
 [3817] 118 118 118 118 118 118 118 118 118 118 118 118 118 118 118 118 118 118
 [3835] 118 118 118 118 118 118 118 118 118 118 118 118 118 118 118 118 118 118
 [3853] 118 118 118 118 118 118 118 118 118 118 118 118 118 118 118 118 118 118
 [3871] 118 118 118 118 118 118 118 118 118 118 118 118 118 118 118 118 118 118
 [3889] 118 118 118 118 118 118 118 118 118 118  50 118 118 118 118 118 118 118
 [3907] 118 118 118 118 118 118 118 118 118 118 118 118 118 118 118 118 118 118
 [3925] 118 118 118 118 118 118 118 118 118 118 118 118 118 118 118 118 118 118
 [3943] 118 118 118 118 118 118 118 118 118  47 118 118 118 118 118 118 118 118
 [3961] 118 118 118 118 118 118 118 118 118 118 118  46 118 118 118 118 118 118
 [3979] 118 118 118 118 118 118 118 118 118 118 118 118 118 118 118 118 118 118
 [3997] 118 118 118  46 118 118 118  45 118 118 118 118 118 118 118 118 118 118
 [4015] 118 118 118 118 118 118 118 118 118 118 118 118 118 118 118 118 118 118
 [4033] 118 118 118 118 118 118 118 118 118 118 118 118 118 118 118 118 118 118
 [4051] 118 118 118 118 118 118 118 118 118 118 118 118 118 118  60  44  42 118
 [4069] 118 118 118 118 118 118 118 118 118 118 118 118 118 118 118 118 118 118
 [4087] 118 118 118 118 118 118 118 118 118 118 118 118 118 118 118 118 118 118
 [4105] 118 118 118 118 118 118 118 118 118 118 118 118 118 118 118 118 118 118
 [4123] 118 118 118 118 118 118 118 118 118 118 118 118 118 118 118 118 118 118
 [4141] 118 118 118 118 118 118 118  96 118 118 118 118 118 118 118 118 118 118
 [4159] 118  96 118 118 118 118 118 118 118 118 118 118 118 114 118 118 118 118
 [4177] 118 118 118 118 118 118 118 118 118 118 118 118 118 118 118 118 118 118
 [4195] 118 118 118 118 118 118 118 118 118 118 118 118 118 118 118 118 118 118
 [4213] 118 118 118 118 118 118 118 118 118 118 118 118 118 118 118 118 118 118
 [4231] 118 118 118 118 118 118 118 118 118 118 118 118 118 118 118 118 118 118
 [4249] 118 118 118 118 118 118 118 118 118 118  41 118 118 118 118 118 118 118
 [4267] 118 118 118 118 118 118 118 118 118 118 118 118 118 118 118 118 118 118
 [4285] 118 118 118  40 118 118 118 118 118 118 118 118 118 118 118 118 118 118
 [4303] 118 118 118  39 118 118 118 118 118 118 118 118  98 118 118 118 118 118
 [4321] 118 118 118 118 118 118 118 118 118 118 118 118 118 118 118 118 118 118
 [4339] 118 118 118 118 118 118 118 118 118 118 118 118 118 118 118 118 118 118
 [4357] 118 118 118 118 118 118 118 118 118 118 118 118 118 118 118 118 118 118
 [4375] 118 118 118 118 118 118 118 118 118 118 118 118 118 118 118 118 118 118
 [4393] 118 118  37 118 118 118 118 118 118 118 118 118 118 118 118 118 118 118
 [4411] 118 118 118 118 118 118 118 118 118 118 118 118 118 118 118 118 118 118
 [4429] 118 118 118 118 118 118 118 118 118 118 118 118 118 118 118 118 118 118
 [4447] 118 118 118 118 118 118 118 118 118 118 118 118 118 118 118 118 118 118
 [4465] 118 118 118 118 118 118 118 118 118 118 118 118 118 118 118 118 118 118
 [4483] 118 118 118 118 118 118 118 118 118 118 118 118 118 118 118 118 118 118
 [4501] 118 118 118 118 118 118 118 118 118 118 118 118 118 118 118 118 118 118
 [4519] 118 118 118 118 118 118 118 118 118 118 118 118 118 118 118 118 118 118
 [4537] 118 118 118 118 118 118 118 118 118 118 118 118 118 118 118 118 118 118
 [4555] 118 118 118 118 118 118 118 118 118 118 118 118 118 118 118 118 118 118
 [4573] 118 118 118 118 118 118 118 118 118 118 118 118 118 118 118 118 120 118
 [4591] 118 118 118 118 118 120 118 118 118 118 118 118 118 118 118 118 118 118
 [4609] 118 118 118 118 118 118 118 118 118 118 118 118 118 118 118 118 118 118
 [4627] 118 118 118 118 118 118 118 118 118 118 118 118 118 118 118 118 118 118
 [4645] 118 118 118 118 118 118 118 118 118 118 118 118 118 118 118 118 118 118
 [4663] 118 118 118 118 118 118 118 118 118 118 118 118 118 118 118 118 118 118
 [4681] 118 118 118 118 118 118 118 118 118 118 118 118 118 118 118  43 118 118
 [4699] 118 118 118 118 118 118 118 118 118 118 118 118 118 118  85  82  36 118
 [4717] 118 118 118 118 118 118 118 118 118 118 118 118 118 118 118 118  35 118
 [4735] 118 118 118 118 118 118 118 118 118 118 118 118 118 118 118 118 118 118
 [4753] 118 118 118 118 118 118 118 118 118 118 118 118 118 118 118 118 118 118
 [4771] 118 118 118 118 118 118 118 118 118 118 118 118 118 118 118 118 118 118
 [4789] 118 118 118 118 118 118 118 118 118 118 118 118 118 118 118 118 118 118
 [4807] 118 118 118 118 118 118 118 118 118 118 118 118 118 118 118 118 118 118
 [4825] 118 118 118 118 118 118 118 118 118 118 118 118 118 118 118 118 118 118
 [4843] 118 118 118 118 118 118 118 118 118 118 118 118 118 118 118 118 118 118
 [4861] 118 118 118 118 118 118 118 118 118 118 118 118 118 118 118 118 118 118
 [4879] 118 118 118 118 118 118 118 118 118 118 118 118 118 118 118 118 118 118
 [4897] 118 118 118 118 118 118 118 118 118 118 118 118 118 118 118 118 118 118
 [4915] 118 118 118 118 118 118 118 118 118 118 118 118 118 118 118 118 118 118
 [4933] 118 118 118 118 118 118 118 118 118 118 118 118 118 118 118 118 118 118
 [4951] 118 118 118 118 118 118 118 118 118 118 118 118 118 118 118 118 118 118
 [4969] 118 118 118 118 118 118 118 118 118 118 118 118 118 118 118 118 118 118
 [4987] 118 118 118 118 118 118 118 118 118 118 118 118 118 118 118 118 118 118
 [5005] 118 118 118 118 118 118 118 118 118 118 118 118 118 118 118 118 118 118
 [5023] 118 118 118 118 118 118 118 118 118 118 118 118 118 118 118 118 118 118
 [5041] 118 118 118 118 118 118 118 118 118 118 118 118 118 118 118 118 118 118
 [5059] 118 118 118 118 118 118 118 118 118 118 118 118 118 118  34 118 118 118
 [5077] 118 118 118 118 118 118 118 118 118 118 118 118 118 118 118 118 118 118
 [5095] 118 118 118 118 118 118 118 118 118 118 118 118 118 118 118 118 118 118
 [5113] 118 118 118 118 118 118 118 118 118 118 118 118 118 118 118 118 118 118
 [5131] 118 118 118 118 118 118 118 118 118 118 118 118 118 118 118 118 118 118
 [5149] 118 118 118 118 118 118 118 118 118 118 118 118 118 118 118 118 118 118
 [5167] 118 118 118 118 118 118 118 118 118 118 118 118 118 118 118 118 118 118
 [5185] 118 118 118 118 118 118 118 118 118 118 118 118 118 118 118 118 118 118
 [5203] 118 118 118 118 118 118 118 118 118 118 118 118 118 118 118 118 118 118
 [5221] 118 118 118 118 118 118 118 118 118 118 118 118 118 118 118 118 118 118
 [5239] 118 118 118 118 118 118 118 118 118 118 118 118 118 118 118 118 118 118
 [5257] 118 118 118 118 118 118 118 118 118 118 118 118 118 118 118 118 118 118
 [5275] 118 118 118 118 118 118 118 118 118 118 118 118 118 118 118 118 118 118
 [5293] 118 118 118 118 118 118 118 118 118 118 118 118 118 118 118 118 118 118
 [5311] 118 118 118 118 118 118 118 118 118 118 118 118 118 118 118 118 118 118
 [5329] 118 118 118 118 118 118 118 118 118 118 118 118 118 118 118 118 118 118
 [5347] 118 118 118 118 118 118 118 118 118 118 118 118 118 118 118 118 118 118
 [5365] 118 118 118 118 118 118 118 118 118 118 118 118 118 118 118 118 118 118
 [5383] 118 118 118 118 118 118 118 118 118 118 118 118 118 118 118 118 118 118
 [5401] 118 118 118 118 118 118 118  65 118 118 118 118 118 118 118  96 118 118
 [5419] 118 118 118 118 118 118 118 118 118 118 118 118 118 118 118 118 118 118
 [5437] 118 118 118 118 118 118 118 118 118 118 118 118 118 118 118 118 118 118
 [5455] 118 118 118 118 118 118 118 118 118 118 118 118 118 118 118 118 118 118
 [5473] 118 118 118 118 118 118 118 118 118 118 118 118 118 118 118 118 118 118
 [5491] 118 118 118 118 118 118 118 118 118 118 118 118 118 118 118 118 118 118
 [5509] 118 118 118 118 118 118 118 118 118 118 118 118 118 118 118 118 118 118
 [5527] 118 118 118 118 118 118 118 113 118 118 118 118 118 118 118 118 118 118
 [5545] 118 118 118 118 118 118 118 118 118 118 118 118 118 118 118 118 118 118
 [5563] 118 118 118 118 118 118 118 118 118 118 118 118 118 118 118 118 118 118
 [5581] 118 118 118 118 118 118 118 118 118 118 118 118 118 118 118 118 118 118
 [5599] 118 118 118 118 118 118 118 118 118 118 118 118 118 118 118 118 118 118
 [5617] 118 118 118 118 118 118 118 118 118 118 118 118 118 118 118 118 118 118
 [5635] 118 118 118 118 118 118 118 118 118 118 118 118 118 118 118 118 118 118
 [5653] 118 118 118 118 118 118 118 118 118 118 118 118 118 118 118 118 118 118
 [5671] 118 118 118 118 118 118 118 118 118 118 118 118 118 118 118 118 118 118
 [5689] 118 118 118 118 118 118 118 118 118 118 118 118 118 118 118 118 118 118
 [5707] 118 118 118 118 118 118 118 118 118 118 118 118 118 118 118 118 118 118
 [5725] 118 118 118 118 118 118 118 118 118 118 118 118 118 118 118 118 118 118
 [5743] 118 118 118 118 118 118 118 118 118 118 118 118 118 118 118 118 118 118
 [5761] 118 118 118 118 118 118 118 118 118 118 118 118 118 118 118 118 118 118
 [5779] 118 118 118 118 118 118 118 118 118 118 118 118 118 118 118 118 118 118
 [5797] 118 118 118 118 118 118 118 118 118 118 118 118 118 118 118 118 118 118
 [5815] 118 118 118 118 118 118 118 118 118 118 118 118 118 118 118 118 118 118
 [5833] 118 118 118 118 118 118 118 118 118 118 118 118 118 118 118 118 118 118
 [5851] 118 118 118 118 118 118 118 118 118 118 118 118 118 118 118 118 118 118
 [5869] 118 118 118 118 118 118 118 118 118 118 118 118 118 118 118 118 118 118
 [5887] 118 118 118 118 118 118 118 118 118 118 118 118 118 118 118 118 118 118
 [5905] 118 118 118 118 118 118 118 118 118 118 118 118 118 118 118 118 118 118
 [5923] 118 118 118 118 118 118 118 118 118 118 118 118 118 118 118 118 118 118
 [5941] 118 118 118 118 118 118 118 118 118 118 118 118 118 118 118 118 118 118
 [5959] 118 118 118 118 118 118 118 118 118 118 118 118 118 118 118 118 118 118
 [5977] 118 118 118 118 118 118 118 118 118 118 118 118 118 118 118 118 118 118
 [5995] 118 118 118 118 118 118 118 118 118 118 118 118 118 118 118 118 118 118
 [6013] 118 118 118 118 118 118 118 118 118 118 118 118 118 118 118 118 118 118
 [6031] 118 118 118 118 118 118 118 118 118 118 118 118 118 118 118 118 118 118
 [6049] 118 118 118 118 118 118 118 118 118 118 118 118 118 118 118 118  33 118
 [6067] 118 118 118 118 118 118 118 118 118 118 118 118 118 118 118 118 118 118
 [6085] 118 118 118 118 118 118 118 118 118 118 118 118 118 118 118 118 118 118
 [6103] 118 118 118 118 118 118 118 118 118 118 118 118 118 118 118 118 118 118
 [6121] 118 118 118 118 118 118 118 118 118 118 118 118 118 118 118 118 118 118
 [6139] 118 118 118 118 118 118 118 118 118 118  52 118 118 118 118 118 118 118
 [6157] 118 118 118 118 118 118 118 118 118 118 118 118 118 118 118 118 118 118
 [6175] 118 118 118 118 118 118 118 118 118 118 118 118 118 118 118 118 118 118
 [6193] 118 118 118 118 118 118 118 118 118 118 118 118 118 118 118 118 118 118
 [6211] 118 118 118 118 118 118 118 118 118 118 118 118 118 118 118 118 118 118
 [6229] 118 118 118 118 118 118 118 118 118 118 118 118 118 118 118 118 118 118
 [6247] 118 118  86 118 118 118 118 118 118 118 118 118 118 118 118 118  77  70
 [6265]  32  31  30  93 118 118 118 118 118 118 118 118 118 118 118 118 118 118
 [6283] 118 118 118 118 118 118 118 118 118 118 118 118 118 118 118 118 118 118
 [6301] 118 118 118 118 118 118 118 118 118 118 118 118 118 118 118 118 118 118
 [6319] 118 118 118 118 118 118 118 118 118 118 118 118 118 118 118 118 118 118
 [6337] 118 118 118 118 118 118 118 118 118 118 118 118 118 118 118 118 118 118
 [6355] 118 118 118 118 118 118 118 118 118 118 118 118 118 118 118 118 118 118
 [6373] 118 118 118 118 118 118 118 118  94 118 118 118 118 118 118 118 117 118
 [6391]  29 118 118 118 118 118 118 118 118 118 118 118 118 118 118 118 118 118
 [6409] 118 118 118 118 118 118 118 118 118 118 118 118 118 118 118 118 118 118
 [6427] 118 118 118 118 118 118 118 118 118 118 118 118 118 118 118 118 118 118
 [6445] 118 118 118 118 118 118 118 118 118 118 118 118 118 118 118 118 118 118
 [6463] 118 118 118 118 118 118 118 118 118 118 118 118 118 118 118 118 118 105
 [6481]  27  26 120 118 118 118 118 118 118 118 118 118 118 118 118 118 118 118
 [6499] 118 118 118 118 118 118 118 118 118 118 118 118 118 118 118 118 118 118
 [6517] 118 118 118 118 118 118 118 118 118 118 118 118 118 118 118 118 118 118
 [6535] 118 118 118 118 118 118 118 118 118 118 118 118 118 118 118 118 118 118
 [6553] 118 118 118 118 118 118 118 118 118 118 118 118 118 118 118 118  74 118
 [6571] 118 118 118 118 118 118 118 118 118 118 118 118 118 118 118 118 118 118
 [6589] 118 118 118 118 118 118 118 118 118 118 118 118 118 118 118 118 118 118
 [6607] 118 118 118 118 118 118 118 118 118  25 118 118 118 118 118 118 118 118
 [6625] 118 118 118 118 118 118 118 118 118 118 118 118 118 118 118 118 118 118
 [6643] 118 118 118 118 118 118 118 118 118 118 118 118 118 118 118 118 118 118
 [6661] 118 118 118 118 118 118 118 118 118 118 118 118 118 118 118 118 118 118
 [6679] 118 118 118 118 118 118 118 118 118 118 118 118 118 118 118 118 118 118
 [6697] 118 118 118 118 118 118 118 118 118 118  24 118 118 118 118 118 118 118
 [6715] 118 118 118 118 118 118 118 118 118 118 118 118 118 118 118 118 118  23
 [6733] 118 118  22 109 118 118 118 118 118 118 118 118 118 118 118 118 118 118
 [6751] 118 118 118 118 118 118 118 118 118 118 118 118 118 118 118 118 118 118
 [6769] 118 118 118 118 118 118 118 118 118 118 118 118 118 118 118 118 118 118
 [6787] 118 118 118 118 118 118 118 118 118 118 118 118 118 118 118 118 118 118
 [6805] 118 118 118 118 118 118 118 118 118 118 118 118 118 118 118 118 118 118
 [6823] 118 118 118 118 118 118 118 118 118 118 118 118 118 118 118 118 118 118
 [6841] 118 118 118 118 118 118 118 118 118 118 118 118 118 118 118 118 118 118
 [6859] 118 118 118 118 118 118 118 118 118 118 118 118 118 118 118 118 118 118
 [6877] 118 118  91 118 118 118 118 118 118 118 118 118 118 118 118 118 118 118
 [6895] 118 118 118 118 118  21 118 118 118 118 118 118 118 118 118 118 118 118
 [6913] 118 118 118 118 118 118 118 118 118 118 118 118 118 118 118 118 118 118
 [6931] 118 118 118 118 118 118 118 118 118 118 118 118 118 118 118 118 118 118
 [6949] 118 118 118 118 118 118 118 118 118 118 118 118 118 118 118 118 118 118
 [6967] 118 118 118 118 118 118 118 118 118 118 118 118 118 118 118 118 118 118
 [6985] 118 118 118 118 118 118 118 118 118 118 118  20 118 118 118 118 118 118
 [7003] 118 118 118 118 118 118 118 118 118 118 118 118 118 118 118 118 118 118
 [7021] 118 118 118 118 118 118 118  19  28  75 118 118 118 118 118 118 118 118
 [7039] 118 118 118 118 118 118 118 118 118 118 118 118 118 118 118  38 118 118
 [7057] 118 118 118 118 118 118 118 118 118 118 118 118 118 118 118 118 118 118
 [7075] 118 118 118 118 118 118 118 118 118 118 118 118 118 118 118 118 118 118
 [7093] 118 118 118 118 118 118 118 118 118 118 118 118 118 118 118 118 118 118
 [7111] 118 118 118 118 118 118 118 118 118 118 118 118 118 118 118 118 118 118
 [7129] 118 118 118 118 118 118 118 118 118 118 118 118 118 118 118 118 118 118
 [7147] 118 118 118 118 118 118 118 118 118 118 118 118 118 118 118 118 118 118
 [7165] 118 118 118 118 118 118 118 118 118 118 118 118 118 118 118 118 118 118
 [7183] 118 118 118 118 118 118 118 118 118 118 118 118 118 118 118 118 118 118
 [7201] 118 118 118 118 118 118 118 118 118 118 118 118 118 118 118 118 118 118
 [7219] 118 118 118 118 118 118 118 118 118 118 118 118 118 118 118 118 118 118
 [7237] 118 118 118 118 118 118 118 118 118 118 118 118 118 118 118 118 118 118
 [7255] 118 118 118 118 118 118 118 118 118 118 118 118 118 118 118 118 118 118
 [7273] 118 118 118 118 118 118 118 118 118 118 118 118 118 118 118 118 118 118
 [7291] 118 118 118 118 118 118 118 118 118 118 118 118 118 118 118 118 118 118
 [7309] 118 118 118 118 118 118 118 118 118 118 118 118 118 118 118 118 118 118
 [7327] 118 118 118 118 118 118 105 118 118 118 118 118 118 118 118 118 118 118
 [7345] 118 118 118 118 118 118 118 118 118 118 118 118 118 118 118 118 118 118
 [7363] 118 118 118 118 118 118 118 118 118 118 118 118 118 118 118 118 118 118
 [7381] 118 118 118 118 118 118 118 118 118 118 118 118 118 118 118 118  18 118
 [7399] 118 118 118 118 118 118 118 118 118 118 118 118 118 118 118 118 118 118
 [7417] 118 118 118 118 118 118 118 118 118 118 118 118 118 118 118 118 118 118
 [7435] 118 118 118 118 118 118 118 118 118 118 118 118 118 118 118 118 118 118
 [7453] 118 118 118 118 118 118 118 118 118 118 118 118 118 118 118 118 118 118
 [7471] 118 118 118 118 118 118 118 118 118 118 118 118 118 118 118 118 118 118
 [7489] 118 118 118 118 118 118 118 118 118 118 118 118 118 118 118 118 118 118
 [7507] 118 118 118 118 118 118 118 118 118 118 118 118 118 118 118 118 118 118
 [7525] 118 118 118 118 118 118 118 118 118 118 118 118 118 118 118 118 118 118
 [7543] 118 118 118 118 118 118 118 118 118 118 118 118 118 118 118 118 118 118
 [7561] 118 118 118 118 118 118 118 118 118 118 118 118 118 118 118 118 118 118
 [7579] 118 118 118 118 118 118 118 118 118 118 118 118 118 118 118 118 118 118
 [7597] 118 118 118 118 118 118 118 118 118 118 118 118 118 118 118 118 118 118
 [7615] 118  17 118 118 118 118 118 118 118 118 118 118 118 118 118 118 118 118
 [7633] 118 118 118 118 118 118 118 118 118 118 118 118 118 118 118 118 118 118
 [7651] 118 118 118 118 118 118 118 118 118 118 118 118 118 118 118 118 118 118
 [7669] 118 118 118  15 118 118 118 118 118 118 118 118 118 118 118 118 118 118
 [7687] 118 118 118 118 118 118 118 118 118 118 118 118 118 118 118 118 118 118
 [7705] 118  48  19 118 118 118 118 118 118 118 118 118 118 118 118 118 118 118
 [7723] 118 118 118 118 118 118 118 118 118 118 118 118 118 118 118 118 118 118
 [7741] 118 118 118 118 118 118 118 118 118 118 118 118 118 118 118 118 118 118
 [7759] 118 118 118 118 118 118 118 118 118 118 118 118 118 118 118 118 118 118
 [7777] 118 118 118 118 118 118 118 118 118 118 118 118 118 118 118 118 118 118
 [7795] 118 118 118 118 118 118 118 118 118 118 118 118 118 118 118 118 118 118
 [7813] 118 118 118 118 118 118 118 118 118 118 118 118 118 118 118 118 118 118
 [7831] 118 118 118 118 118 118 118 118 118 118 118 118 118 118 118 118 118 118
 [7849] 118 118 118 118 118 118 118 118 118 118 118 118 118 118 118 118 118 118
 [7867] 118 118 118 118 118 118 118 118 118 118 118 118 118 118 118 118 118 118
 [7885] 118 118 118 118 118 118 118 118 118 118 118 118 118 118 118 118 118 118
 [7903] 118 118 118 118 118 118 118 118 118 118 118 118 118 118 118 118 118 118
 [7921] 118 118 118 118 118 118 118 118 118 118 118 118 118 118 118 118 118 118
 [7939] 118 118 118 118 118  98 118 118 118 118 118 118 118 118 118 118 118 118
 [7957] 118 118 118 118 118 118 118 118 118 118 118 118 118 118 118 118 118 118
 [7975] 118 118 118 118 118 118 118 118 118 118 118 118 118 118 118 118 118 118
 [7993] 118 118  41 118 118 118 118 118 118 118 118 118 118 118 118 118 118 118
 [8011] 118 118 118 118 118 118 118 118 118 118 118 118 118 118 118 118 118 118
 [8029] 118 118 118 118 118 118 118 118 118 118 118 118 118 118 118 118 118 118
 [8047] 118 118 118 118 118 118 118 118 118 118 118 118 118 118 118 118 118 118
 [8065] 118 118 118 118 118 118 118 118 118 118 118 118 118 118 118 118 118 118
 [8083] 118 118 118 118 118 118 118 118 118 118 118 118 118 118 118 118 118 118
 [8101] 118 118 118 118 118 118 118 118 118 118 118 118 118 118 118 118 118 118
 [8119] 118 118 118 118 118 118 118 118 118 118 118 118 118 118 118 118 118 118
 [8137] 118 118 118 118 118 118 118 118 118 118 118 118 118 118 118 118 118 118
 [8155] 118 118 118 118 118 118 118 118 118 118 118 118 118 118  95  14 118 118
 [8173] 118 118 118 118 118 118 118 118 118 118 118 118 118 118 118 118 118 118
 [8191] 118 118 118 118 118 118 118 118 118 118 118 118 118 118 118 118 118 118
 [8209] 118 118 118 118 118 118 118 118 118 118 118 118 118 118 118 118 118 118
 [8227] 118 118 118 118 118 118 118 118 118 118 118 118 118 118 118 118 118 118
 [8245] 118 118 118 118 118 118 118 118 118 118 118 118 118 118 118 118 118 118
 [8263] 118 118 118 118 118 118 118 118 118 118 118 118 118 118 118 118 118 118
 [8281] 118 118 118 118 118 118 118 118 118 118 118 118 118 118 118 118 118 118
 [8299] 118 118 118 118 118 118 118 118 118 118 118 118 118 118 118 118 118 118
 [8317] 118 118 118 118 118 118 118 118 118 118 118 118 118 118 118 118 118 118
 [8335] 118 118 118 118 118 118 118 118 118 118 118 118 118 118 118 118 118 118
 [8353] 118 118 118 118 118 118 118 118 118 118 118 118 118 118 118 118 118 118
 [8371] 118 118 118 118 118 118 118 118 118 118 118 118 118 118 118 118 118 118
 [8389] 118 118 118 118 118 118 118 118 118 118 118 118 118 118 118 118 118 118
 [8407] 118 118 118 118 118 118 118 118 118 118 118 118 118 118 118 118 118 118
 [8425] 118 118 118 118 118 118 118 118 118 118 118 118 118 118 118 118 118 118
 [8443] 118 118 118 118 118 118 118 118 118 118 118 118 118 118 118 118 118 118
 [8461] 118 118 118 118 118 118 118 118 118 118 118 118 118 118 118 118 118 118
 [8479] 118 118  13 118 118 118 118 118 118 118 118 118 118 118 118 118 118 118
 [8497] 118 118 118 118 118 118 118 118 118 118 118 118 118 118 118 118 118 118
 [8515] 118 118 118 118 118 118 118 118 118 118 118 118 118 118 118 118 118 118
 [8533] 118 118 118 118 118 118 118 118 118 118 118 118 118 118 118 118 118 118
 [8551] 118 118 118 118 118 118 118 118 118 118 118 118 118 118 118 118 118 118
 [8569] 118 118 118 118 118 118 118 118 118 118 118 118 118 118 118 118 118 118
 [8587] 118 118 118 118 118 118 118 118 118 118 118 118 118 118 118 118 118 118
 [8605] 118 118 118 118 118 118 118 118 118 118 118 118 118 118 118 118 118 118
 [8623] 118 118 118 118 118 118 118 118 118 118 118 118 118 118 118 118 118 118
 [8641] 118 118 118 118 118 118 118 118 118 118 118 118 118 118 118 118 118 118
 [8659] 118 118 118 118 118 118 118 118 118 118 118 118 118 118 118 118 118 118
 [8677] 118 118 118 118 118 118 118 118 118 118 118 118 118 118 118 118 118 118
 [8695] 118 118 118 118 118 118 118 118 118 118 118 118 118 118 118 118 118 118
 [8713] 118 118 118 118 118 118 118 118 118 118 118 118 118 118 118 118 118 118
 [8731] 118 118 118 118 118 118 118 118 118 118 118 118 118 118 118 118 118 118
 [8749] 118 118 118 118 118 118 118 118 118 118 118 118 118 118 118 118 118 118
 [8767] 118 118 118 118 118 118 118 118 118 118 118 118 118 118 118 118 118 118
 [8785] 118 118 118 118 118 118 118 118 118 118  12  11 118 118 118 118 118 118
 [8803] 118 118 118 118 118 118 118 118 118 118 118 118 118 118 118 118 118 118
 [8821] 118 118 118 118 118 118 118 118 118 118 118 118 118 118 118 118 118 118
 [8839] 118 118 118 118 118 118 118 118 118 118 118 118 118 118 118 118 118 118
 [8857] 118 118 118 118 118 118 118 118 118 118 118 118 118 118 118 118 118 118
 [8875] 118 118 118 118 118 118 118 118 118 118 118 118 118 118 118 118 118 118
 [8893] 118 118 118 118 118 118 118 118 118 118 118 118 118 118 118 118  67 118
 [8911] 118  51 118 118 118 118 118 118 118 118 118 118 118 118 118 118 118 118
 [8929] 118 118 118 118 118 118 118 118 118 118 118 118 118 118 118 118 118 118
 [8947] 118 118 118 118 118 118 118 118 118 118 118 118 118 118 118 118 118 118
 [8965] 118 118 118 118 118 118 118 118 118 118 118 118 118 118 118 118 118 118
 [8983] 118 118 118 118 118 118 118 118 118 118 118 118 118 118 118 118 118 118
 [9001] 118 118 118 118 118 118  10 118 118 118 118 118 118 118 118 118 118 118
 [9019] 118 118 118 118 118 118 118 118 118 118 118 118 118 118 118 118 118 118
 [9037] 118 118 118 118 118 118 118 118 118 118 118 118 118 118 118 118 118 118
 [9055] 118 118 118 118 118 118 118 118 118 118 118 118 118 118 118 118 118 118
 [9073] 118 118 118 118 118 118 118 118 118 118 118 118 118 118 118  79 118 118
 [9091] 118 118 118 118 118 118 118 118 118 118 118 118 118 118 118 118 118 118
 [9109] 118 118 118 118 118 118 118 118 118  72 118 118 118 118 118 118 118 118
 [9127] 118 118 118 118 118 118 118 118 118 118 118 118 118 118 118 118 118 118
 [9145] 118 118 118 118 118 118 118 118 118 118 118 118 118 118 118 118 118 118
 [9163] 118 118 118 118 118 118 118 118 118 118 118 118 118 118 118 118 118 118
 [9181] 118 118 118 118 118 118 118 118 118 118 118 118 118 118 118 118 118 118
 [9199] 118 118 118 118 118 118 118 118 118 118 118 118 118 118 118 118 118 118
 [9217] 118 118 118 118 118 118 118 118 118 118 118 118 118 118 118 118 118 118
 [9235] 118 118 118 118 118 118 118 118 118 118 118 118 118 118 118 118 118 118
 [9253] 118 118 118 118 118 118 118 118 118 118 118 118   9 118 118 118 118 118
 [9271] 118 118 118 118 118 118 118 118 118 118 118 118 118 118 118 118 118 118
 [9289] 118 118 118 118 118 118 118 118 118 118 118 118 118 118 118 118 118 118
 [9307] 118 118 118 118 118 118 118 118 118 118 118 118 118 118 118 118 118 118
 [9325] 118 118 118 118 118 118 118 118 118 118 118 118 118 118 118 118 118 118
 [9343] 118 118 118 118 118 118 118 118 118 118 118 118 118 118 118 118 118 118
 [9361] 118 118 118 118 118 118 118 118 118 118 118 118 118 118 118 118 118 118
 [9379] 118 118 118 118 118 118 118 118 118 118 118 118 118 118 118 118 118 118
 [9397] 118 118 118 118 118 118 118 118 118 118 118 118 118 118 118 118 118 118
 [9415] 118 118 118 118 118 118 118 118 118 118 118 118 118 118 118 118 118 118
 [9433] 118 118 118 118 118 118 118 118 118 118 118 118 118 118 118 118 118 118
 [9451] 118 118 118 118 118 118 118 118 118 118 118 118 118 118 118 118 118 118
 [9469] 118 118 118 118 118 118 118 118 118 118 118 118 118 118 118 118 118 118
 [9487] 118 118 118 118 118 118 118 118 118 118 118 118 118 118 118 118 118 118
 [9505] 118 118 118 118 118 118 118 118 118 118 118 118 118 118 118 118 118 118
 [9523] 118 118 118 118 118 118 118 118 118 118 118 118 118 118 118 118 118 118
 [9541] 118 118 118 118 118 118 118 118 118 118 118 118 118 118 118 118 118 118
 [9559] 118 118 118 118 118 118 118 118 118 118 118 118 118 118 118 118 118 118
 [9577] 118 118 118 118 118 118 118 118 118 118 118 118 118 118 118 118 118 118
 [9595] 118 118 118 118 118 118 118 118 118 118 118 118 118 118 118 118 118 118
 [9613] 118 118 118 118 118 118 118 118 118 118 118 118 118 118 118 118 118 118
 [9631] 118 118 118 118 118 118 118 118 118 118 118 118 118 118 118 118 118 118
 [9649] 118 118 118 118 118 118 118 118 118 118 118 118 118 118 118 118 118 118
 [9667] 118 118 118 118 118 118 118 118 118 118 118 118 118 118 118 118 118 118
 [9685] 118 118 118 118 118 118 118 118 118 118 118 118 118 118 118 118 118 118
 [9703] 118 118 118 118 118 118  62   8 102 118 118 118 118 118 118 118 118 118
 [9721] 118 118 118 118 118 118 118 118 118 118 118 118 118 118 118 118 118 118
 [9739] 118 118 118 118 118 118 118 118 118 118 118 118 118 118 118 118 118 118
 [9757] 118 118 118 118 118 118 118 118 118 118 118 118 118 118 118 118 118 118
 [9775] 118 118 118 118 118 118 118 118 118 118 118 118 118 118 118 118 118 118
 [9793] 118 118 118 118 118 118 118 118 118 118 118 118 118 118 118 118 118 118
 [9811] 118 118 118 118 118 118 118 118 118 118 118 118 118 118 118 118 118 118
 [9829] 118 118 118 118 118 118 118 118 118 118 118 118 118 118 118 118 118 118
 [9847] 118 118 118 118 118 118 118 118 118 118 118 118 118 118 118 118 118 118
 [9865] 118 118 118 118 118 118 118 118 118 118 118 118 118 118 118 118 118 118
 [9883] 118 118 118 118 118 118 118 118 118 118 118 118 118 118 118 118 118 118
 [9901] 118 118 118 118 118 118 118 118 118 118 118 118 118 118 118 118 118 118
 [9919] 118 118 118 118 118 118 118 118 118 118 118 118 118 118 118 118 118 118
 [9937] 118 118 118 118 118 118 118 118 118 118 118 118 118 118 118 118 118 118
 [9955] 118 118 118 118 118 118 118 118 118 118 118 118 118 118 118 118 118 118
 [9973] 118 118 118 118 118 118 118 118 118 118 118 118 118 118 118 118 118 118
 [9991] 118 118 118 118 118 118 118 118 118 118 118 118 118 118 118 118 118 118
[10009] 118 118 118 118 118 118 118 118 118 118 118 118 118 118 118 118  15 118
[10027] 118 118 118 118 118 118 118 118 118 118 118 118 118 118 118 118 118 118
[10045] 118 118 118 118 118 118 118 118 118 118 118 118 118 118 118 118 118 118
[10063] 118 118 118 118 118 118 118 118 118 118 118 118 118 118 118 118 118 118
[10081] 118 118 118 118 118 118 118 118 118 118 118 118 118 118 118 118 118 118
[10099] 118 118 118 118 118 118 118  73 118 118 118 118 118 118 118 118 118 118
[10117] 118   7 118 118 118 118 118 118 118 118 118 118 118 118 118 118 118 118
[10135] 118 118 118 118 118 118 118 118 118 118 118 118 118 118 118 118 118 118
[10153] 118 118 118 118 118 118 118 118 118 118 118 118 118 118 118 118 118 118
[10171] 118 118 118 118 118 118 118 118 118 118 118 118 118 118 118 118 118 118
[10189] 118 118 118 118 118 118 118 118 118 118 118 118 118 118 118 118 118 118
[10207] 118 118 118 118 118 118 118 118 118 118 118 118 118 118 118 118 118 118
[10225] 118 118 118 118 118 118 118 118 118 118 118 118 118 118 118 118 118 118
[10243] 118 118 118 118 118 118 118 118 118 118 118 118 118 118 118 118 118 118
[10261] 118 118 118 118 118 118 118 118 118 118 118 118 118 118 118 118 118 118
[10279] 118 118 118 118 118 118 118 118 118 118 118 118 118 118 118 118 118 118
[10297] 118 118 118 118 118 118 118 118 118 118 118 118 118 118 118 118 118 118
[10315] 118 118 118 118 118 118 118 118 118 118 118 118 118 118 118 118 118 118
[10333] 118 118 118 118 118 118 118 118 118 118 118 118 118 118 118 118 118 118
[10351] 118 118 118 118 118 118 118 118 118 118 118 118 118 118 118 118 118 118
[10369] 118 118 118 118 118 119  58 118 118 118 118 118 118 118 118 118 118 118
[10387] 118 118 118 118 118 118 118 118 118 118 118 118 118 118 118 118 118 118
[10405] 118 118 118 118 118  84 118 118 118 118 118 118 118 118 118 118 118 118
[10423] 118 118 118 118 118 118 118 118 118 118 118 118 118 118 118 118 118 118
[10441] 118 118 118 118 118 118 118 118 118 118 118 118 118 118 118 118 118 118
[10459] 118 118 118 118 118 118 118 118 118 118 118 118 118 118 118 118 118 118
[10477] 118 118 118 118 118 118 118 118 118 118 118 118 118 118   6 118  81 118
[10495] 118 118 118 118 118 118 118 118 118 118 118 118 118 118 118 118 118 118
[10513] 118 118 118 118 118 118 118 118 118 118 118 118 118 118 118 118 118 118
[10531] 118 118 118 118 118 118 118 118 118 114 118 118 118 118 118 118 118 118
[10549] 118 118 118 118 118 118 118 118 118 118 118 118 118 118 118 118 118 118
[10567] 118 118 118 118 118 118 118 118 118 118 118 118 118 118 118 118 118 118
[10585] 118 118 118 118 118 118 118 118 118 118 118 118 118 118 118 118 118 118
[10603] 118 118 118 118 118 118 118 118 118 118 118 118 118 118 118 118 118 118
[10621] 118 118 118 118 118 118 118 118 118 118 118 118 118 118 118 118 118 118
[10639] 118 118 118 118 118 118 118 118 118 118 118 118 118 118 118 118 118 118
[10657] 118 118 118 118 118 118 118 118   5 118 118 118 118 118 118 118 118 118
[10675] 118 118 118 118 118 118 118 118 118 118 118 118 118 118 118 118 118 118
[10693] 118 118 118 118 118 118 118 118 118 118 118 118 118 118 118 118 118 118
[10711] 118 118 118 118 118 118 118 118 118 118 118 118 118 118 118 118 118 118
[10729] 118 118 118 118 118 118 118 118 118 118 118 118 118 118 118 118 118 118
[10747] 118 118 118 118 118 118 118 118 118 118 118 118 118 118 118 118 118 118
[10765] 118 118 118 118 118 118 118 118 118 118 118 118 118 118 118 118 118 118
[10783] 118 115   4   3 118 118 118 118 118 118 118 118 118 118 118 118 118 118
[10801] 118 118 118 118 118 118 118 118 118 118 118 118 118 118 118 118 118 118
[10819] 118 118 118 118 118 118 118 118 118 118 118 118 118 118 118 118 118 118
[10837] 118 118 118 118 118 118 118 118 118 118 118 118 118 118 118 118 118 118
[10855] 118 118 118 118 118 118 118 118 118 118 118 118 118 118 118 118 118 118
[10873] 118 118 118 118 118 118 118 118 118 118 118 118 118 118 118 118 118  16
[10891] 118 118 118 118 118 118 118 118 118 118 118 118 118 118 118 118 118 118
[10909] 118 118 118 118 118 118 118 118 118 118 118  84 118 118 118 118 118 118
[10927] 118 118 118 118 118 118 118 118 118 118 118 118 118 118 118 118 118 118
[10945] 118 118 118 118 118 118 118 118 118 118 118 118 118 118 118 118 118 118
[10963] 118 118 118 118 118 118 118 118 106  57 118 118 118 118 118 118 118 118
[10981] 118 118 118 118 118 118 118 118 118 118 118 118 118 118 118 118 118 118
[10999] 118 118 118 118 118 118 118 118 118 118 118 118 118 118 118 118 118 118
[11017] 118 118 118 118 118 118 118 118 118 118 118 118 118 118 118 118 118 118
[11035] 118 118 118 118 118 118 118 118 118 118 118 118 118 118 118 118 118 118
[11053] 118 118 118 118 118 118 118 118 118 118 118 118 118 118 118 118 118 118
[11071] 118 118 118 118 118 118 118 118 118 118 118 118 118 118 118  72 118 118
[11089] 118 118 118 118 118 118 118 118 118 118 118 118 118 118 118 118 118 118
[11107] 118 118 118 118 118 118 118 118 118 118 118 118 118 118 118 118 118 118
[11125] 118 118 118 118 118 118 118 118 118 118 108  54   2   1 118 118 118 118
[11143] 118 118 118 118 118 118 118 118 118 118 118 118 118 118 118 118 118 118
[11161] 118 118 118 118 118 118 118 118 118 118 118 118 118 118 118 118 118 118
[11179] 118 118 118 118 118 118 118 118 118 118 118 118 118 118 118 118 118 118
[11197] 118 118 118 118 118 118 118 118 118 118 118 118 118 118 118 118 118 118
[11215] 118 118 118 118 118 118 118 118 118 118 118 118 118 118 118 118 118 118
[11233] 118 118 118 118 118 118 118 118 118 118 118 118 118 118 118 118 118 118
[11251] 118 118 118 118 118 118 118

$csize
  [1]     1     1     1     1     1     1     1     1     1     1     1     1
 [13]     1     1     2     1     1     1     2     1     1     1     1     1
 [25]     1     1     1     1     1     1     1     1     1     1     1     1
 [37]     1     1     1     1     2     1     1     1     1     2     1     2
 [49]     1     2     3     2     1     1     1     1     1     1     1     2
 [61]     1     1     1     1     2     1     1     1     1     1     1     4
 [73]     2     1     2     1     2     1     2     2     1     2     1     3
 [85]     2     1     1     1     1     1     1     1     4     1     1     5
 [97]     1     2     2     1     1     1     1     1     2     1     1     2
[109]     3     1     1     1     2     3     2     1     2 11093     1     3
[121]     2

$no
[1] 121

    user   system  elapsed 
27785.54 10160.77 32537.28 
